Run semi-empirical minimization
 &qmmm
    qm_theory='AM1', grms_tol=0.0005,
 scfconv=1.d-10, ndiis_attempts=700,   qmcharge=0,
 /
   6    C1       -5.2290       -4.4600       -3.1590 
   6    C2       -4.4650       -3.2920       -2.5010 
   6    C3       -3.0060       -3.1000       -2.9830 
   6    C4       -2.0870       -4.1760       -2.3820 
   6    C5       -2.2240       -4.2110       -0.8430 
   6    C6       -3.7110       -4.4430       -0.4930 
   8    O1       -4.5090       -3.4080       -1.0760 
   6    C7       -4.0000       -4.4640        1.0200 
   8    O2       -3.3660       -5.5650        1.6360 
   8    O3       -1.8730       -2.9880       -0.1910 
   6    C8       -0.5090       -2.7600        0.0140 
   6    C9       -0.3120       -2.0580        1.3800 
   6   C10       -0.9610       -0.6650        1.3150 
   6   C11       -0.3220        0.1450        0.1630 
   6   C12       -0.5940       -0.6590       -1.1260 
   8    O4        0.0220       -1.9460       -0.9920 
   6   C13       -0.0490       -0.0010       -2.3970 
   8    O5       -0.5140       -0.7460       -3.5170 
   6   C14        0.0790       -0.4670       -4.7500 
   6   C15       -0.3150        0.9590       -5.2340 
   6   C16        0.4550        1.2520       -6.5350 
   6   C17        1.9670        1.0690       -6.3230 
   6   C18        2.1970       -0.3870       -5.8750 
   8    O6        1.4700       -0.6050       -4.6700 
   6   C19        3.6730       -0.7310       -5.6120 
   8    O7        4.4080       -0.7260       -6.8180 
   8    O8        2.4470        1.8980       -5.2670 
   6   C20        3.1020        3.0800       -5.7000 
   8    O9        0.1960        2.5490       -7.0350 
   8   O10       -1.6950        1.0050       -5.5410 
   8   O11        1.1060        0.2520        0.1890 
   6   C21        1.7670        0.9300        1.2210 
   6   C22        1.5450        2.4630        1.1810 
   6   C23        2.1170        3.0770       -0.1180 
   6   C24        3.5930        2.6490       -0.2730 
   6   C25        3.7550        1.1200       -0.0860 
   8   O12        3.1440        0.7130        1.1440 
   6   C26        5.2290        0.6830       -0.0660 
   8   O13        5.3390       -0.6800       -0.4160 
   8   O14        4.4150        3.3100        0.6850 
   6   C27        4.8310        4.6130        0.3050 
   8   O15        1.4010        2.6720       -1.2670 
   8   O16        0.2020        2.8000        1.5080 
   6   C28       -0.0480        4.1760        1.7480 
   6   C29       -1.4800        4.3200        2.2770 
   8   O17       -2.3980        4.2900        1.2050 
   8   O18       -0.9130        0.0440        2.5380 
   8   O19       -0.8280       -2.8490        2.4320 
   8   O20       -0.7380       -4.0330       -2.7770 
   8   O21       -2.9530       -3.1340       -4.3970 
   1    H1       -5.3600       -4.2930       -4.2280 
   1    H2       -6.2240       -4.5610       -2.7250 
   1    H3       -4.7190       -5.4150       -3.0400 
   1    H4       -5.0160       -2.3830       -2.7440 
   1    H5       -2.6660       -2.1160       -2.6700 
   1    H6       -2.3950       -5.1490       -2.7650 
   1    H7       -1.6420       -5.0390       -0.4360 
   1    H8       -4.0290       -5.4040       -0.8970 
   1    H9       -3.6800       -3.5410        1.5020 
   1   H10       -5.0730       -4.5530        1.1900 
   1   H11       -3.5750       -5.5550        2.5570 
   1   H12        0.0490       -3.6990        0.0070 
   1   H13        0.7610       -1.9590        1.5520 
   1   H14       -2.0260       -0.7790        1.1090 
   1   H15       -0.7910        1.1240        0.0710 
   1   H16       -1.6720       -0.7590       -1.2470 
   1   H17       -0.4210        1.0210       -2.4520 
   1   H18        1.0400        0.0380       -2.3620 
   1   H19       -0.2870       -1.2240       -5.4470 
   1   H20       -0.0670        1.7060       -4.4820 
   1   H21        0.1290        0.5550       -7.3100 
   1   H22        2.5070        1.2490       -7.2550 
   1   H23        1.8160       -1.0740       -6.6340 
   1   H24        4.1250       -0.0380       -4.9020 
   1   H25        3.7500       -1.7270       -5.1750 
   1   H26        4.3840        0.1460       -7.1800 
   1   H27        3.4390        3.6450       -4.8310 
   1   H28        2.4410        3.7220       -6.2800 
   1   H29        3.9790        2.8430       -6.3030 
   1   H30        0.4470        3.1770       -6.3740 
   1   H31       -1.8770        0.3590       -6.2060 
   1   H32        1.4780        0.5180        2.1850 
   1   H33        2.1440        2.8500        2.0070 
   1   H34        2.0550        4.1630       -0.0840 
   1   H35        3.9480        2.9050       -1.2740 
   1   H36        3.2650        0.6210       -0.9250 
   1   H37        5.8010        1.2530       -0.8000 
   1   H38        5.6840        0.8630        0.9090 
   1   H39        6.2520       -0.9240       -0.3920 
   1   H40        5.4550        5.0360        1.0920 
   1   H41        3.9860        5.2860        0.1550 
   1   H42        5.4220        4.5860       -0.6110 
   1   H43        1.4180        1.7280       -1.3090 
   1   H44        0.6490        4.5380        2.5050 
   1   H45        0.0980        4.7800        0.8520 
   1   H46       -1.7150        3.5420        3.0030 
   1   H47       -1.5920        5.2800        2.7820 
   1   H48       -3.2690        4.4020        1.5520 
   1   H49       -1.3250        0.8850        2.4120 
   1   H50       -1.7540       -2.9670        2.2850 
   1   H51       -0.4280       -3.1900       -2.4800 
   1   H52       -3.2110       -3.9960       -4.6850 

