Run semi-empirical minimization
 &qmmm
    qm_theory='AM1', grms_tol=0.0005,
 scfconv=1.d-10, ndiis_attempts=700,   qmcharge=1,
 /
   6    C1       -0.4210       -0.2220       -0.8760 
   6    C2        0.8700       -1.0260       -1.0860 
   6    C3        2.1080       -0.1310       -1.2390 
   6    C4        3.3850       -0.9450       -1.4930 
   6    C5        4.6300       -0.0620       -1.6620 
   6    C6        5.8910       -0.8870       -1.9670 
   6    C7        7.1440       -0.0250       -2.1800 
   7    N1        8.2570       -0.8930       -2.5220 
   8    O1        7.5140        0.5700       -0.9610 
   6    C8        9.4410       -0.1390       -2.9070 
   6    C9       10.6430       -1.0920       -2.8810 
   6   C10       11.9810       -0.3320       -3.0440 
   7    N2       13.2430       -1.1250       -2.8470 
   6   C11       14.3810       -0.1920       -3.1670 
   6   C12       13.3360       -1.5900       -1.4330 
   6   C13       15.8380       -0.7090       -3.0030 
   8    O2       16.6490        0.4370       -3.0200 
   8    O3       16.1490       -1.5560       -4.0790 
   6   C14       13.2480       -2.3070       -3.7560 
   6   C15       -1.6540       -1.1260       -0.7400 
   6   C16       -2.9550       -0.3300       -0.5620 
   6   C17       -4.1860       -1.2410       -0.4420 
   6   C18       -5.4920       -0.4500       -0.2800 
   6   C19       -6.7180       -1.3620       -0.1660 
   1    H2       -0.3240        0.3990        0.0160 
   1    H3       -0.5640        0.4620       -1.7130 
   1    H4        1.0140       -1.7060       -0.2450 
   1    H5        0.7630       -1.6520       -1.9730 
   1    H6        1.9500        0.5650       -2.0640 
   1    H7        2.2300        0.4780       -0.3410 
   1    H8        3.5410       -1.6400       -0.6660 
   1    H9        3.2470       -1.5560       -2.3860 
   1   H10        4.4620        0.6510       -2.4710 
   1   H11        4.7760        0.5300       -0.7580 
   1   H12        6.0630       -1.6100       -1.1670 
   1   H13        5.7040       -1.4740       -2.8680 
   1   H14        7.9620       -1.5040       -3.2720 
   1   H15        9.3000        0.3120       -3.8900 
   1   H16        9.6140        0.6760       -2.2020 
   1   H17       10.6140       -1.6250       -1.9310 
   1   H18       10.5130       -1.8360       -3.6670 
   1   H19       11.9850        0.1160       -4.0400 
   1   H20       11.9830        0.5070       -2.3450 
   1   H21       14.2670        0.1920       -4.1830 
   1   H22       14.2700        0.6800       -2.5190 
   1   H23       17.4750        0.2820       -2.5790 
   1   H24       14.2350       -2.1760       -1.2500 
   1   H25       13.3350       -0.7510       -0.7350 
   1   H26       12.5100       -2.2450       -1.1590 
   1   H27       14.1320       -2.9280       -3.6140 
   1   H28       12.4040       -2.9720       -3.5740 
   1   H29       13.2180       -2.0030       -4.8030 
   1    H1       -1.7380       -1.7600       -1.6250 
   1   H30       -1.5210       -1.7990        0.1080 
   1   H31       -2.8790        0.2990        0.3260 
   1   H32       -3.0850        0.3460       -1.4090 
   1   H33       -4.2550       -1.8760       -1.3260 
   1   H34       -4.0590       -1.9110        0.4100 
   1   H35       -5.4310        0.1840        0.6060 
   1   H36       -5.6220        0.2220       -1.1300 
   1   H37       -7.6310       -0.7750       -0.0540 
   1   H38       -6.8330       -1.9840       -1.0550 
   1   H39       -6.6420       -2.0230        0.6980 

